Num       RefCount Protocol Flags    Type St Inode Path
ffff88802ca28880: 00000002 00000000 00010000 0001 01 25615 /run/WSL/2_interop
ffff888008e68000: 00000002 00000000 00010000 0001 01 17822 /run/WSL/1_interop
ffff88802d668000: 00000002 00000000 00010000 0001 01 28640 /var/run/dbus/system_bus_socket
ffff8880381b72c0: 00000002 00000000 00010000 0001 01 34930 /run/WSL/755_interop
ffff8880176b8000: 00000002 00000000 00010000 0005 01 20499 /mnt/wslg/weston-notify.sock
ffff8880176e8000: 00000002 00000000 00010000 0001 01 24584 /mnt/wslg/runtime-dir/wayland-0
ffff8880176e8440: 00000002 00000000 00010000 0001 01 24585 /tmp/.X11-unix/X0
ffff888008e60000: 00000002 00000000 00000000 0002 01 17808 /var/run/chrony/chronyd.sock
ffff888023a3b740: 00000002 00000000 00010000 0001 01 20938 /run/apport.socket
ffff88802cb2d500: 00000002 00000000 00010000 0001 01 24032 /mnt/wslg/runtime-dir/pulse/native
ffff88802cb2ea40: 00000002 00000000 00010000 0001 01 24037 /mnt/wslg/PulseServer
ffff888023a3b300: 00000002 00000000 00010000 0001 01 20940 /run/avahi-daemon/socket
ffff88800b800000: 00000002 00000000 00010000 0001 01 33374 /tmp/dbus-2MIpoUqHHo
ffff888023a3bfc0: 00000002 00000000 00010000 0001 01 20944 /run/dbus/system_bus_socket
ffff888023a3cc80: 00000002 00000000 00010000 0001 01 20949 /run/snapd.socket
ffff888023a3d0c0: 00000002 00000000 00010000 0001 01 20951 /run/snapd-snap.socket
ffff888023a3d500: 00000002 00000000 00010000 0001 01 20953 /run/uuidd/request
ffff8880176b9540: 00000002 00000000 00000000 0002 01 39039 /run/user/1000/systemd/notify
ffff888023a3aa80: 00000002 00000000 00010000 0001 01 39042 /run/user/1000/systemd/private
ffff888023a3ee80: 00000002 00000000 00010000 0001 01 39047 /run/user/1000/bus
ffff888023a3e1c0: 00000002 00000000 00010000 0001 01 39048 /run/user/1000/gnupg/S.dirmngr
ffff888023a39dc0: 00000002 00000000 00010000 0001 01 39049 /run/user/1000/gnupg/S.gpg-agent.browser
ffff888023a3ea40: 00000002 00000000 00010000 0001 01 39050 /run/user/1000/gnupg/S.gpg-agent.extra
ffff888023a3f700: 00000002 00000000 00010000 0001 01 39051 /run/user/1000/gnupg/S.gpg-agent.ssh
ffff888023a3f2c0: 00000002 00000000 00010000 0001 01 39052 /run/user/1000/gnupg/S.gpg-agent
ffff888023a3e600: 00000002 00000000 00010000 0001 01 39053 /run/user/1000/pk-debconf-socket
ffff888023a3fb40: 00000002 00000000 00010000 0001 01 39054 /run/user/1000/pulse/native
ffff888008e60440: 00000003 00000000 00000000 0002 03 17827 /run/systemd/notify
ffff888023a3a640: 00000002 00000000 00010000 0001 01 39055 /run/user/1000/snapd-session-agent.socket
ffff888008e68440: 00000002 00000000 00010000 0001 01 17830 /run/systemd/private
ffff8880176eea40: 00000002 00000000 00010000 0001 01 25362 /mnt/wslg/PulseAudioRDPSource
ffff888008e68880: 00000002 00000000 00010000 0001 01 17832 /run/systemd/userdb/io.systemd.DynamicUser
ffff8880403f2ec0: 00000002 00000000 00010000 0001 01 37984 /mnt/wslg/PulseAudioRDPSink
ffff888023a3c840: 00000002 00000000 00010000 0001 01 20947 /var/snap/lxd/common/lxd/unix.socket
ffff8880403f2200: 00000002 00000000 00010000 0001 01 38706 /run/user/1000/zellij/0.37.2/last-branch
ffff888008e68cc0: 00000002 00000000 00010000 0001 01 17837 /run/lvm/lvmpolld.socket
ffff888008e61100: 00000002 00000000 00000000 0002 01 17840 /run/systemd/journal/syslog
ffff888008e69540: 00000002 00000000 00010000 0001 01 17842 /run/systemd/fsck.progress
ffff888008e61540: 00000010 00000000 00000000 0002 03 17849 /run/systemd/journal/dev-log
ffff888008e69980: 00000002 00000000 00010000 0001 01 17851 /run/systemd/journal/stdout
ffff888008e61980: 00000008 00000000 00000000 0002 03 17853 /run/systemd/journal/socket
ffff888008e61dc0: 00000002 00000000 00010000 0005 01 17856 /run/udev/control
ffff88803060aec0: 00000002 00000000 00010000 0001 01 52732 /run/cups/cups.sock
ffff88802e110000: 00000002 00000000 00010000 0001 01 28673 /run/systemd/journal/io.systemd.journal
ffff888023a3c400: 00000002 00000000 00010000 0001 01 20946 @ISCSIADM_ABSTRACT_NAMESPACE
ffff888023a38000: 00000003 00000000 00000000 0001 03 75235
ffff88802d785500: 00000003 00000000 00000000 0001 03 22162
ffff8880381b2200: 00000003 00000000 00000000 0001 03 19908
ffff88800b800880: 00000003 00000000 00000000 0001 03 34286 /run/systemd/journal/stdout
ffff88802ca2c840: 00000003 00000000 00000000 0001 03 39104
ffff8880381c2200: 00000002 00000000 00000000 0002 03 20350
ffff8880176ebfc0: 00000003 00000000 00000000 0001 03 24960
ffff888017554400: 00000003 00000000 00000000 0001 03 31955
ffff888039fa8440: 00000002 00000000 00000000 0002 03 29959
ffff888039275940: 00000003 00000000 00000000 0001 03 28410 /run/systemd/journal/stdout
ffff888008e6e600: 00000003 00000000 00000000 0001 03 18359
ffff88803060dd80: 00000003 00000000 00000000 0001 03   623
ffff888017558cc0: 00000002 00000000 00000000 0002 03 31948
ffff88802ca28000: 00000003 00000000 00000000 0001 03 25609
ffff888039271100: 00000003 00000000 00000000 0001 03 31015
ffff88800b801980: 00000003 00000000 00000000 0001 03 33049
ffff88802e116a40: 00000003 00000000 00000000 0001 03 29624
ffff88802d669dc0: 00000003 00000000 00000000 0001 03 28562
ffff888039274840: 00000003 00000000 00000000 0001 03 22844 /run/systemd/journal/stdout
ffff88802ca2d940: 00000003 00000000 00000000 0001 03 26212
ffff888008e6f700: 00000003 00000000 00000000 0001 03 18425
ffff888039288880: 00000002 00000000 00000000 0002 01 31019
ffff888023a3d940: 00000003 00000000 00000000 0001 03 20968
ffff88802e112200: 00000003 00000000 00000000 0001 03 19224 /run/systemd/journal/stdout
ffff88802ca29100: 00000003 00000000 00000000 0001 03 26229
ffff888017559dc0: 00000003 00000000 00000000 0002 03 31953
ffff8880176b9dc0: 00000003 00000000 00000000 0002 03 39041
ffff8880305d8cc0: 00000002 00000000 00000000 0002 03 28560
ffff88800b802a80: 00000003 00000000 00000000 0001 03 19002
ffff888023a3a200: 00000003 00000000 00000000 0001 03 39080
ffff888008e60cc0: 00000003 00000000 00000000 0002 03 17829
ffff8880381b0000: 00000003 00000000 00000000 0001 03 19533
ffff8880176e9dc0: 00000003 00000000 00000000 0001 03 34287 /run/systemd/journal/stdout
ffff88802ca2ea40: 00000003 00000000 00000000 0001 03 26216
ffff8880381c0000: 00000002 00000000 00000000 0002 03 19542
ffff88802d66aec0: 00000003 00000000 00000000 0001 03 18361 /run/dbus/system_bus_socket
ffff888051ba0cc0: 00000003 00000000 00000000 0001 03 26234
ffff88800b8061c0: 00000003 00000000 00000000 0001 03 33609
ffff8880403f1540: 00000003 00000000 00000000 0001 03 18362 /run/dbus/system_bus_socket
ffff88802ca2a200: 00000003 00000000 00000000 0001 03 26225
ffff888039273300: 00000003 00000000 00000000 0001 03 31058
ffff888039061100: 00000003 00000000 00000000 0002 03   603
ffff8880176b8cc0: 00000002 00000000 00000000 0002 03 39029
ffff88802d786600: 00000003 00000000 00000000 0001 03 22174
ffff8880176ecc80: 00000003 00000000 00000000 0001 03 46464
ffff88802ca2fb40: 00000003 00000000 00000000 0001 03 26220
ffff888017553740: 00000003 00000000 00000000 0001 03 19225 /run/dbus/system_bus_socket
ffff888051ba1dc0: 00000003 00000000 00000000 0001 03 26238
ffff8880308a8000: 00000002 00000000 00000000 0002 03 24001
ffff8880381b5940: 00000003 00000000 00000000 0001 03 28523 /run/systemd/journal/stdout
ffff8880403f0440: 00000003 00000000 00000000 0001 03 27899 /run/systemd/journal/stdout
ffff88802e120000: 00000002 00000000 00000000 0002 03 28677
ffff88801755bfc0: 00000002 00000000 00000000 0002 03 79523
ffff88802ca2b300: 00000003 00000000 00000000 0001 03 26221
ffff888051ba2a80: 00000003 00000000 00000000 0001 03 26241
ffff8880176ebb80: 00000003 00000000 00000000 0001 03 24959
ffff88802d668880: 00000003 00000000 00000000 0001 03 28642
ffff888008e6ea40: 00000003 00000000 00000000 0001 03 18379
ffff8880381b2640: 00000003 00000000 00000000 0001 03 19909
ffff88800b800cc0: 00000003 00000000 00000000 0001 03 41880
ffff888017554840: 00000003 00000000 00000000 0001 03 20030 /run/dbus/system_bus_socket
ffff88802ca28440: 00000003 00000000 00000000 0001 03 25610
ffff888039275500: 00000003 00000000 00000000 0001 03 31258
ffff888039271540: 00000003 00000000 00000000 0001 03 26864 /run/systemd/journal/stdout
ffff88802d785940: 00000003 00000000 00000000 0001 03 18365 /run/dbus/system_bus_socket
ffff88802d669980: 00000003 00000000 00000000 0001 03 33050 /run/dbus/system_bus_socket
ffff888023a39540: 00000003 00000000 00000000 0001 03 33667 /run/dbus/system_bus_socket
ffff888008e6fb40: 00000003 00000000 00000000 0001 03 18424
ffff88800b801dc0: 00000003 00000000 00000000 0001 03 33048
ffff888039274400: 00000003 00000000 00000000 0001 03 31162
ffff88802ca29540: 00000003 00000000 00000000 0001 03 26228
ffff88802ca2d500: 00000003 00000000 00000000 0001 03 26211
ffff888017559980: 00000003 00000000 00000000 0002 03 31952
ffff88802d760000: 00000002 00000000 00000000 0002 03 25929
ffff888008e6b300: 00000003 00000000 00000000 0001 03 33874 /run/systemd/journal/stdout
ffff888039288cc0: 00000002 00000000 00000000 0002 03 31020
ffff8880176e9980: 00000002 00000000 00000000 0001 03 94797
ffff8880381c0440: 00000003 00000000 00000000 0002 03 19544
ffff88802d66aa80: 00000003 00000000 00000000 0001 03 27961
ffff888051ba0880: 00000003 00000000 00000000 0001 03 26233
ffff8880176b9980: 00000003 00000000 00000000 0002 03 39040
ffff88800b802ec0: 00000003 00000000 00000000 0001 03 26866 /run/systemd/journal/stdout
ffff888008e60880: 00000003 00000000 00000000 0002 03 17828
ffff8880381b0440: 00000003 00000000 00000000 0001 03 28731 /run/systemd/journal/stdout
ffff88802ca2a640: 00000003 00000000 00000000 0001 03 26224
ffff88802ca2e600: 00000003 00000000 00000000 0001 03 26215
ffff888039273740: 00000003 00000000 00000000 0001 03 31059
ffff888039061540: 00000003 00000000 00000000 0002 03   604
ffff88802e111540: 00000003 00000000 00000000 0001 03 28939
ffff8880403f1100: 00000003 00000000 00000000 0001 03 26863
ffff8880176e8880: 00000003 00000000 00000000 0001 03 46462
ffff88803060e1c0: 00000003 00000000 00000000 0001 03   624
ffff888017553300: 00000003 00000000 00000000 0001 03 31809
ffff888051ba1980: 00000003 00000000 00000000 0001 03 26237
ffff8880381b5500: 00000003 00000000 00000000 0001 03 20349
ffff88802cb2e600: 00000003 00000000 00000000 0001 03 21497 /tmp/.X11-unix/X0
ffff88802d66f2c0: 00000003 00000000 00000000 0001 03 38707 /run/user/1000/zellij/0.37.2/last-branch
ffff88802ca2f700: 00000003 00000000 00000000 0001 03 26219
ffff88802ca2b740: 00000003 00000000 00000000 0001 03 26005
ffff88802d786a40: 00000003 00000000 00000000 0001 03 28270 /run/dbus/system_bus_socket
ffff8880403f0000: 00000003 00000000 00000000 0001 03 26798
ffff888008e6aec0: 00000003 00000000 00000000 0001 03 35991
ffff888039289100: 00000002 00000000 00000000 0002 03 31167
ffff8880403f3fc0: 00000003 00000000 00000000 0001 03 28272 /run/dbus/system_bus_socket
ffff888008e6ee80: 00000003 00000000 00000000 0001 03 27021 /run/dbus/system_bus_socket
ffff88800b804840: 00000003 00000000 00000000 0001 03 49272 /run/dbus/system_bus_socket
ffff888017558440: 00000002 00000000 00000000 0002 03 31803
ffff888039271980: 00000003 00000000 00000000 0001 03 31021
ffff888023a38880: 00000003 00000000 00000000 0001 03 39022
ffff8880381b2a80: 00000003 00000000 00000000 0001 03 19913
ffff888051ba2640: 00000003 00000000 00000000 0001 03 26240
ffff88802cb2d0c0: 00000003 00000000 00000000 0001 03 24022
ffff8880392750c0: 00000003 00000000 00000000 0001 03 20048 /run/dbus/system_bus_socket
ffff88802d668440: 00000003 00000000 00000000 0001 03 28641
ffff88802d66c400: 00000003 00000000 00000000 0001 03 28152
ffff88802ca29980: 00000003 00000000 00000000 0001 03 26227
ffff888017559540: 00000003 00000000 00000000 0002 03 31951
ffff8880381b3b80: 00000003 00000000 00000000 0001 03 20028
ffff888023a39980: 00000003 00000000 00000000 0001 03 33513 /run/dbus/system_bus_socket
ffff88802d784c80: 00000003 00000000 00000000 0001 03 22142
ffff88800b801100: 00000003 00000000 00000000 0001 03 83949 /run/systemd/journal/stdout
ffff8880176ba640: 00000002 00000000 00000000 0002 01 39076
ffff88802d669540: 00000003 00000000 00000000 0001 03 28565
ffff88802ca2d0c0: 00000003 00000000 00000000 0001 03 26210
ffff8880176ea640: 00000003 00000000 00000000 0001 03 49332 /run/dbus/system_bus_socket
ffff888017551dc0: 00000003 00000000 00000000 0001 03 32374
ffff8880403f1dc0: 00000003 00000000 00000000 0001 03 97874 /run/dbus/system_bus_socket
ffff88802ca2aa80: 00000003 00000000 00000000 0001 03 26223
ffff88802e111980: 00000003 00000000 00000000 0001 03 18364 /run/dbus/system_bus_socket
ffff88800b802200: 00000003 00000000 00000000 0001 03 33047
ffff88802d783fc0: 00000003 00000000 00000000 0001 03 33873
ffff8880381b0880: 00000003 00000000 00000000 0001 03 19664
ffff88802cb2f2c0: 00000003 00000000 00000000 0001 03 18426 /tmp/dbus-2MIpoUqHHo
ffff8880381c0880: 00000003 00000000 00000000 0002 03 19545
ffff888051ba0440: 00000003 00000000 00000000 0001 03 26232
ffff88802ca2e1c0: 00000003 00000000 00000000 0001 03 26214
ffff88800b807b40: 00000003 00000000 00000000 0001 03 33863 /run/systemd/journal/stdout
ffff8880403f0cc0: 00000003 00000000 00000000 0001 03 78336
ffff888008e6dd80: 00000003 00000000 00000000 0001 03 33862 /run/systemd/journal/stdout
ffff888039272a80: 00000003 00000000 00000000 0001 03 31056
ffff88802ca2bb80: 00000003 00000000 00000000 0001 03 22800 /run/systemd/journal/stdout
ffff88800b803300: 00000003 00000000 00000000 0001 03 19070
ffff8880381b1980: 00000003 00000000 00000000 0001 03 19844
ffff888023a3bb80: 00000003 00000000 00000000 0001 03 75234
ffff88802d66b740: 00000003 00000000 00000000 0001 03 74027
ffff88802ca2f2c0: 00000003 00000000 00000000 0001 03 26218
ffff888051ba1540: 00000003 00000000 00000000 0001 03 26236
ffff88802cb2e1c0: 00000003 00000000 00000000 0001 03 24035
ffff88802ca2cc80: 00000003 00000000 00000000 0001 03   626 /run/user/1000/bus
ffff88802ca28cc0: 00000003 00000000 00000000 0001 03 26230
ffff888017558000: 00000002 00000000 00000000 0002 03 31781
ffff888039271dc0: 00000003 00000000 00000000 0001 03 18367 /run/dbus/system_bus_socket
ffff88802d66c840: 00000003 00000000 00000000 0001 03 26865 /run/systemd/journal/stdout
ffff8880403f3b80: 00000003 00000000 00000000 0001 03 27156
ffff88802d7850c0: 00000003 00000000 00000000 0001 03 19666 /run/systemd/journal/stdout
ffff888051ba2200: 00000003 00000000 00000000 0001 03 26239
ffff888039fb8880: 00000002 00000000 00000000 0002 03 33147
ffff888023a38cc0: 00000003 00000000 00000000 0001 03 36967 /run/systemd/journal/stdout
ffff888008e62200: 00000002 00000000 00000000 0002 03 17884
ffff8880381b2ec0: 00000003 00000000 00000000 0001 03 18363 /run/dbus/system_bus_socket
ffff88800b800440: 00000003 00000000 00000000 0001 03 41885
ffff888008e6e1c0: 00000003 00000000 00000000 0001 03 18358
ffff88802e116e80: 00000003 00000000 00000000 0001 03 37080 /run/systemd/journal/stdout
ffff88802cb2cc80: 00000003 00000000 00000000 0001 03 24021
ffff888039274c80: 00000003 00000000 00000000 0001 03 31170
ffff88802ca29dc0: 00000003 00000000 00000000 0001 03 26226
ffff88802ca2dd80: 00000003 00000000 00000000 0001 03 26213
ffff888039288440: 00000002 00000000 00000000 0002 03 31018
ffff88802d669100: 00000003 00000000 00000000 0001 03 28566
ffff8880176ea200: 00000003 00000000 00000000 0001 03 46428
ffff888017551980: 00000003 00000000 00000000 0001 03 36052 /mnt/wslg/PulseAudioRDPSink
ffff888008e6f2c0: 00000003 00000000 00000000 0001 03 35929
ffff8880381b3fc0: 00000003 00000000 00000000 0001 03 22801 /run/systemd/journal/stdout
ffff888023a3dd80: 00000003 00000000 00000000 0001 03 18360 /run/dbus/system_bus_socket
ffff88800b801540: 00000003 00000000 00000000 0001 03 87335
ffff88802ca2aec0: 00000003 00000000 00000000 0001 03 26222
ffff88802ca2ee80: 00000003 00000000 00000000 0001 03 26217
ffff88801755a200: 00000003 00000000 00000000 0002 03 31954
ffff88802e111dc0: 00000003 00000000 00000000 0001 03 29014
ffff8880403f1980: 00000003 00000000 00000000 0001 03 78355
ffff8880176e9100: 00000002 00000000 00000000 0001 03 46461
ffff888051ba0000: 00000003 00000000 00000000 0001 03 26231
ffff8880176b9100: 00000002 00000000 00000000 0002 03 39035
ffff88800b802640: 00000003 00000000 00000000 0001 03 33046
ffff8880305d8000: 00000002 00000000 00000000 0002 03 28273
ffff88802d783b80: 00000003 00000000 00000000 0001 03   625 /run/user/1000/bus
ffff888023a3aec0: 00000003 00000000 00000000 0001 03 39043
ffff8880381b0cc0: 00000003 00000000 00000000 0001 03 27900 /run/systemd/journal/stdout
ffff88802cb2ee80: 00000003 00000000 00000000 0001 03 24038
ffff888039276e80: 00000002 00000000 00000000 0001 03 31283
ffff888039272ec0: 00000003 00000000 00000000 0001 03 28269 /run/dbus/system_bus_socket
ffff8880176ec840: 00000003 00000000 00000000 0001 03 49330 /run/dbus/system_bus_socket
ffff8880403f0880: 00000003 00000000 00000000 0001 03 101509 /run/systemd/journal/stdout
ffff8880381c1dc0: 00000002 00000000 00000000 0002 03 20163
ffff888051ba1100: 00000003 00000000 00000000 0001 03 26235
ffff88800b803740: 00000003 00000000 00000000 0001 03 26867 /run/systemd/journal/stdout
ffff8880381b1dc0: 00000003 00000000 00000000 0001 03 27962 /run/systemd/journal/stdout
ffff8880403f8000: 00000002 00000000 00000000 0002 01 27155
